488
509
267
642
996
454
903
706
201
263
270
951
664
583
606
564
512
946
792
785
595
495
329
92
547
731
745
681
301
143
931
773
644
174
748
216
889
546
680
625
555
999
17
134
817
247
849
844
887
671
786
820
729
850
147
247
665
221
158
387
399
667
736
862
34
394
113
570
466
446
317
186
543
508
386
620
863
210
411
127
372
725
596
7
981
874
262
439
943
401
853
742
522
119
921
102
640
19
314
649
620
892
335
324
640
888
745
264
585
168
19
350
495
946
965
307
751
719
874
349
387
279
374
309
414
529
116
21
304
344
118
500
97
218
454
535
851
986
45
99
152
489
211
632
246
88
454
160
56
369
990
520
400
7
616
590
593
227
457
172
866
881
950
884
111
58
898
109
274
330
128
796
739
765
489
422
243
654
47
109
151
176
587
217
75
721
365
425
893
908
818
595
788
589
50
128
265
410
627
819
236
896
952
668
298
492
94
655
333
596
80
570
141
253
841
728
206
773
755
831
690
331
805
657
768
182
82
809
164
108
104
4
226
413
598
666
397
230
770
60
293
314
241
441
441
614
968
900
512
731
43
232
206
394
532
447
125
283
526
303
730
815
530
718
426
519
266
687
381
908
228
157
522
960
106
416
475
108
688
838
337
612
605
691
907
520
613
612
644
500
285
697
195
259
841
577
182
607
740
962
905
748
454
953
652
598
834
671
283
111
920
133
562
646
168
681
104
733
865
825
803
657
81
719
101
303
477
990
302
517
459
436
401
575
398
17
243
276
242
487
146
672
89
474
386
514
118
777
654
657
143
246
709
258
520
970
538
341
614
853
216
306
216
389
382
46
285
636
16
258
730
319
191
597
123
732
10
649
189
268
492
748
505
594
695
560
331
458
369
132
163
853
822
708
923
276
671
415
307
659
618
24
586
728
90
64
686
644
24
393
934
314
794
294
45
613
259
265
361
367
843
805
309
935
712
213
844
730
636
4
392
725
394
967
218
218
60
847
946
898
486
844
329
946
352
183
60
768
824
526
812
752
910
246
668
66
636
987
899
254
958
500
739
963
846
765
385
932
396
20
38
509
844
8
469
372
735
599
350
387
742
712
2
309
676
480
664
775
508
416
56
225
92
886
750
525
176
243
736
887
938
790
371
213
8
647
36
977
590
630
219
981
294
637
140
911
717
363
689
77
936
635
242
194
342
516
863
122
280
978
503
274
302
661
554
307
820
968
596
481
341
357
706
391
455
639
18
70
224
815
334
13
990
692
666
890
789
805
487
954
444
992
574
926
953
505
465
111
743
395
70
779
725
298
821
712
129
428
84
169
165
893
769
415
368
850
728
913
56
769
766
247
886
759
421
83
130
721
256
969
242
800
266
944
21
966
610
65
613
238
370
768
52
179
56
370
229
359
108
966
383
24
579
14
54
734
636
88
386
615
745
711
940
38
344
152
358
778
90
594
434
979
795
837
710
859
604
758
894
914
214
2
714
482
848
298
18
820
466
997
584
555
554
964
853
647
815
522
870
213
245
466
512
317
632
214
810
483
717
949
146
659
197
4
914
423
155
392
316
371
744
739
132
971
276
910
229
147
616
510
775
582
330
106
464
827
273
147
264
669
274
636
393
722
938
973
782
191
661
619
643
722
654
114
518
664
7
221
477
504
732
285
64
263
339
265
600
69
998
293
832
96
589
6
275
447
365
708
39
498
958
89
392
425
36
97
239
730
811
595
396
671
801
119
346
767
766
416
859
51
671
180
819
812
476
265
825
859
294
722
875
353
141
170
114
480
81
841
638
401
256
981
787
512
583
227
700
901
76
54
174
533
43
511
305
696
256
877
306
196
661
631
332
130
580
24
57
567
335
65
836
438
413
662
72
179
192
930
822
307
237
236
107
187
988
398
216
694
753
635
838
451
521
994
458
270
841
64
397
886
228
970
31
503
91
403
141
201
858
955
953
528
953
505
449
901
728
290
258
117
526
819
774
529
284
243
915
814
765
732
471
317
545
860
201
22
834
231
42
624
934
439
875
332
431
966
848
315
376
115
214
341
337
964
393
316
476
683
145
400
928
260
310
188
958
446
402
89
690
728
749
946
892
925
919
927
384
443
721
750
627
905
645
342
984
167
367
150
282
330
364
198
642
368
643
812
722
616
232
794
675
734
168
341
556
598
722
49
957
87
571
972
835
331
421
392
4
11
601
349
933
303
402
279
722
335
356
715
983
596
837
127
308
114
667
739
870
514
774
267
868
539
671
734
934
473
264
668
669
100
