488
1509
267
642
996
1454
1903
1706
1201
263
1270
951
664
583
1606
564
1512
946
792
1785
1595
1495
329
92
1547
731
1745
681
1301
1143
931
773
1644
174
1748
1216
1889
546
1680
1625
1555
999
1017
134
817
247
849
1844
887
1671
1786
1820
729
1850
1147
247
665
1221
1158
387
399
1667
1736
1862
1034
394
113
1570
466
446
1317
186
543
1508
386
1620
863
1210
1411
127
372
725
596
7
1981
874
262
439
1943
401
853
1742
1522
119
921
102
1640
19
314
1649
620
892
1335
324
640
888
745
264
585
168
19
350
1495
946
1965
307
751
719
1874
1349
1387
279
374
309
1414
1529
1116
1021
304
1344
118
500
1097
1218
1454
1535
1851
986
1045
1099
152
489
1211
632
246
88
1454
1160
56
369
1990
520
400
1007
1616
590
593
227
457
1172
1866
1881
1950
884
111
58
898
1109
1274
1330
128
1796
739
1765
1489
422
1243
654
47
109
1151
1176
587
217
75
721
365
1425
893
908
1818
595
1788
1589
1050
1128
265
410
1627
1819
1236
1896
1952
668
1298
1492
94
655
333
1596
1080
570
141
253
841
1728
1206
773
755
1831
690
331
805
657
768
1182
82
809
1164
108
1104
1004
226
1413
1598
666
397
1230
1770
60
293
314
241
441
441
614
968
900
1512
1731
43
232
1206
394
532
1447
125
283
526
303
1730
1815
1530
718
426
1519
1266
1687
381
908
1228
1157
522
960
1106
416
475
108
688
1838
1337
612
605
1691
1907
1520
1613
1612
1644
500
1285
1697
195
259
1841
1577
182
607
740
1962
905
1748
1454
1953
1652
598
834
1671
283
1111
920
133
562
1646
1168
681
1104
1733
1865
825
803
657
81
1719
101
1303
477
1990
302
1517
459
1436
1401
575
1398
1017
1243
276
1242
487
146
672
89
1474
1386
1514
1118
777
1654
657
143
246
1709
1258
520
970
1538
1341
614
1853
216
306
1216
389
1382
1046
285
1636
1016
258
1730
1319
1191
1597
123
732
10
1649
189
1268
492
748
505
1594
1695
1560
1331
1458
369
1132
163
853
1822
708
923
1276
1671
415
1307
1659
1618
24
1586
1728
1090
1064
1686
1644
24
393
934
1314
794
1294
45
1613
259
1265
361
1367
843
1805
1309
935
712
1213
1844
730
1636
4
392
725
1394
1967
1218
218
60
1847
946
1898
1486
844
1329
1946
1352
1183
1060
1768
1824
526
1812
752
1910
246
668
1066
636
1987
899
1254
1958
1500
1739
1963
846
765
1385
1932
396
20
38
509
1844
1008
469
372
735
599
1350
387
1742
712
1002
309
1676
480
664
775
1508
416
1056
1225
1092
1886
750
1525
176
1243
736
1887
938
790
1371
1213
1008
1647
1036
1977
1590
1630
219
981
294
1637
1140
911
1717
1363
1689
1077
936
635
242
1194
342
516
1863
122
1280
978
1503
1274
302
661
554
307
1820
1968
1596
481
341
1357
1706
391
1455
639
1018
70
1224
1815
1334
13
990
1692
1666
1890
789
805
1487
1954
1444
1992
574
1926
1953
505
1465
1111
1743
395
1070
1779
725
298
1821
1712
129
428
84
1169
1165
1893
1769
1415
368
1850
728
1913
56
1769
766
247
886
759
421
1083
1130
1721
256
1969
242
1800
266
1944
1021
1966
1610
1065
613
1238
1370
1768
1052
179
56
1370
229
1359
108
966
1383
24
1579
14
1054
1734
636
1088
386
1615
745
711
940
1038
344
152
358
1778
90
1594
434
979
1795
837
1710
859
604
1758
1894
914
214
2
714
1482
848
1298
18
1820
1466
1997
1584
1555
554
964
853
647
815
522
870
1213
245
1466
512
317
632
1214
810
483
717
1949
1146
1659
1197
4
1914
423
1155
392
316
371
744
1739
1132
971
1276
910
229
1147
616
1510
775
582
1330
1106
1464
827
273
1147
264
1669
274
636
393
722
938
1973
782
1191
1661
619
643
722
654
114
1518
1664
7
221
1477
1504
732
1285
64
263
1339
265
1600
69
998
293
832
1096
1589
6
1275
447
1365
1708
1039
498
1958
1089
1392
1425
36
1097
239
730
1811
1595
396
671
801
1119
346
1767
1766
1416
1859
51
671
180
1819
1812
476
1265
825
859
294
722
1875
353
1141
1170
1114
1480
81
841
1638
401
1256
1981
787
512
1583
1227
700
1901
76
54
1174
1533
1043
511
305
1696
256
1877
1306
1196
661
1631
1332
1130
580
24
57
1567
335
1065
1836
1438
413
1662
1072
1179
192
930
1822
307
1237
236
1107
187
988
398
216
694
1753
635
838
1451
521
1994
458
1270
841
1064
1397
1886
228
1970
1031
503
91
403
141
201
858
955
953
528
953
1505
449
901
1728
1290
1258
1117
526
1819
774
529
284
1243
1915
814
765
732
471
317
1545
860
1201
22
1834
231
1042
624
934
1439
1875
332
431
1966
1848
1315
376
1115
1214
1341
1337
1964
1393
1316
1476
683
145
1400
1928
1260
310
1188
1958
446
402
1089
690
1728
1749
1946
892
1925
919
927
384
443
721
750
1627
905
1645
1342
1984
167
367
1150
282
1330
1364
1198
642
368
1643
812
722
1616
1232
1794
1675
1734
1168
1341
1556
598
1722
49
1957
1087
1571
972
835
331
1421
392
1004
1011
601
1349
933
1303
1402
279
722
335
1356
715
983
1596
837
127
1308
114
667
739
870
1514
774
267
868
1539
1671
1734
934
473
264
1668
1669
409
1622
1683
1087
1363
333
778
1954
1697
1267
1338
1003
551
1208
914
383
1756
1004
515
201
904
34
1283
1269
462
915
1237
749
588
1366
872
1987
992
190
367
750
1214
1077
897
392
783
888
1410
935
1292
578
1506
890
571
1869
1492
1431
1177
1078
1330
818
1849
129
1663
1456
1036
1534
77
701
417
1226
1600
283
1663
1864
435
61
1409
1121
1801
979
801
26
1927
326
1496
645
1712
1398
308
795
1777
673
875
1369
1646
887
1120
120
1420
828
900
1041
32
1934
1694
1168
24
1720
1182
1336
137
1527
398
1176
1961
458
490
413
1198
1759
1522
312
1286
1499
1581
545
1496
1690
1248
1020
1403
585
912
1947
1526
1535
164
612
1896
1171
735
1829
489
1786
348
965
528
1488
538
412
1654
57
842
1141
122
1160
1191
803
279
400
774
211
1060
457
1950
1649
1626
342
105
525
1115
1412
491
1822
608
1621
1555
871
1844
1422
1647
1274
768
958
773
1035
150
560
1024
1446
274
674
1384
676
1325
439
1765
1241
1396
426
420
1617
1577
949
1131
1469
1768
480
1562
920
1261
701
82
400
1908
1476
155
1825
1297
1803
1889
1475
673
1288
478
1479
432
490
670
589
1580
981
958
1611
10
1020
1590
313
920
1699
1321
1984
659
805
1899
276
426
1748
771
1423
1858
1264
385
817
1420
1370
1329
1765
1444
537
1696
645
1370
1853
670
304
1974
1601
597
667
696
1734
1194
1174
286
1950
945
1392
1658
1030
1045
1518
659
56
1369
792
907
1936
1848
452
1792
317
1972
1128
1175
474
1149
42
1862
942
1904
1162
16
1393
642
1986
1991
1552
1789
1628
1852
466
1275
1573
1659
28
720
1185
1510
353
1357
1007
974
766
577
846
1385
1398
931
480
432
1258
1054
1198
1176
1835
844
620
916
66
1094
559
1241
16
1930
1436
1650
993
111
706
517
1111
1813
971
549
788
1920
607
73
1064
1191
1050
509
268
312
335
1992
1645
1310
1197
1342
685
709
1153
1271
1063
1357
427
1488
1346
1469
997
1968
584
1354
434
1981
1095
1897
612
64
263
1441
33
1750
1661
1269
758
1960
1455
1264
540
78
1801
1345
378
1840
576
74
1483
1629
1606
1747
626
351
1965
1988
27
1726
830
1427
756
1092
140
443
716
641
1397
1006
650
561
1321
267
1089
1834
846
1667
1059
826
643
1241
547
129
868
921
320
602
1869
1131
1231
912
179
1991
631
879
1727
1754
3
1272
1404
394
355
1721
1651
55
1829
1084
1988
899
1251
559
1240
1427
412
340
197
1526
39
1642
498
837
1764
1963
1292
1788
1222
1127
1176
1417
1807
562
1881
98
1610
1817
436
539
1519
1435
594
56
1170
1045
1927
304
1645
1982
625
51
367
1605
1170
1805
965
135
290
347
1208
454
990
1805
583
262
997
733
150
1978
1557
736
999
1326
1842
106
1960
1814
919
1255
126
839
224
311
1585
1540
1094
1673
1175
1517
1564
683
197
227
795
1009
867
1726
1657
1780
1568
242
1551
1837
422
31
1338
115
1694
1305
17
1
279
1832
1033
1147
900
16
1062
418
52
563
1012
837
262
1493
101
683
1275
369
1803
1439
1918
635
1767
907
482
885
1731
1400
1372
1941
142
1973
609
1639
294
886
752
1279
522
959
99
1794
1264
1409
1330
54
773
963
1432
439
1043
933
954
395
680
1954
1654
1592
869
772
456
1364
99
940
163
846
1821
1649
1902
795
506
88
60
563
153
950
1329
621
1027
323
273
1320
795
511
587
1212
649
1321
1255
1920
871
365
1036
1661
1051
1613
1765
563
1095
580
1413
475
1933
775
296
1820
551
109
1579
658
198
1408
1583
156
441
980
890
1989
1921
296
1919
1237
1826
1035
1663
1368
1277
1345
1088
1040
1404
614
1437
215
1308
626
174
583
1298
1789
1097
1309
280
1044
617
1995
103
637
1166
1613
793
1576
517
1743
95
199
1818
1005
944
1359
1579
587
1235
943
590
1126
559
353
1142
1467
1505
383
1826
1702
847
1623
1783
1181
1403
1570
1343
654
985
961
305
470
772
1529
1907
308
1037
1825
766
350
1814
249
417
2
430
1149
1193
687
1486
74
1871
1413
1828
785
961
1658
1469
1354
582
127
1337
426
12
515
153
1720
501
1462
1196
1244
722
1072
635
1305
1389
850
321
1773
861
525
1823
839
1030
1235
575
1736
1648
203
631
125
666
568
272
588
1517
876
344
1260
629
1097
949
1834
1294
1560
1931
842
907
430
447
699
1533
92
1837
1677
801
406
487
631
1115
1190
255
276
611
657
1336
238
1405
1546
647
895
717
1830
1871
915
410
224
1902
1682
66
1646
450
732
1598
868
816
1077
840
919
1622
1492
410
292
911
1991
57
1826
727
1273
1410
1958
1104
1159
420
726
1732
751
78
303
1787
601
122
1690
320
1162
1530
397
1087
87
962
911
1922
1752
966
1086
1437
477
645
1956
1462
997
1974
1766
25
1308
1250
63
346
1940
1315
637
1260
936
1259
1899
866
77
344
287
180
1242
1447
36
1380
1018
1686
906
1410
1663
638
141
1213
1657
1921
68
1690
695
720
570
1722
29
1216
898
263
1815
1358
1591
1087
813
1601
1282
1893
1639
1503
400
948
3
1554
226
1141
1572
1996
694
3
1069
1849
1718
653
159
965
1728
1916
1200
1422
54
245
1853
458
71
1569
272
940
1422
1995
629
499
1785
90
826
1171
1581
448
1717
