488
1509
2267
2642
1996
1454
1903
2706
1201
1263
270
2951
1664
1583
1606
2564
1512
2946
1792
2785
595
2495
1329
2092
547
2731
745
681
301
1143
931
773
644
1174
2748
2216
1889
2546
680
1625
1555
999
2017
2134
817
247
849
1844
2887
671
1786
820
729
2850
2147
247
1665
2221
2158
387
1399
1667
1736
1862
2034
2394
113
2570
466
2446
2317
2186
2543
1508
2386
2620
863
1210
411
1127
1372
725
1596
7
2981
874
2262
1439
1943
401
2853
742
2522
119
921
1102
1640
19
2314
1649
2620
892
335
1324
2640
2888
745
2264
2585
168
2019
1350
495
946
2965
307
2751
1719
874
349
387
1279
374
2309
1414
1529
116
2021
304
1344
2118
500
2097
2218
1454
2535
1851
1986
2045
1099
1152
2489
1211
2632
246
88
1454
160
2056
369
2990
520
2400
1007
616
1590
593
1227
1457
172
866
1881
2950
1884
1111
1058
898
1109
1274
2330
1128
1796
2739
1765
489
2422
1243
2654
47
1109
2151
2176
2587
1217
1075
1721
2365
1425
893
1908
1818
1595
788
589
2050
128
2265
2410
627
2819
1236
1896
952
668
298
1492
94
2655
333
1596
1080
1570
2141
253
841
2728
1206
2773
755
831
1690
2331
1805
657
2768
2182
1082
2809
1164
1108
104
2004
2226
1413
598
2666
2397
1230
770
60
293
2314
241
1441
2441
614
1968
2900
1512
731
2043
1232
206
2394
2532
2447
1125
283
1526
303
730
2815
2530
718
1426
2519
1266
2687
1381
1908
1228
1157
1522
960
1106
1416
2475
2108
1688
838
1337
1612
2605
691
1907
1520
2613
612
1644
500
285
2697
2195
259
2841
1577
2182
607
740
1962
2905
748
454
1953
652
598
834
671
2283
111
2920
133
1562
2646
1168
2681
1104
733
1865
1825
803
2657
81
1719
2101
2303
2477
1990
1302
517
1459
436
2401
2575
1398
2017
243
1276
1242
1487
1146
2672
89
1474
1386
1514
1118
1777
2654
2657
143
2246
1709
1258
2520
970
1538
2341
614
853
2216
1306
2216
1389
2382
2046
1285
2636
16
258
730
2319
2191
2597
123
1732
2010
1649
2189
268
492
2748
1505
1594
695
2560
2331
458
369
1132
163
853
1822
2708
923
1276
671
1415
1307
2659
2618
1024
2586
1728
1090
64
1686
644
2024
1393
934
314
2794
1294
1045
613
259
1265
2361
2367
1843
805
1309
2935
2712
1213
844
1730
2636
2004
392
1725
1394
1967
218
218
1060
2847
946
2898
2486
1844
1329
946
352
183
1060
1768
2824
1526
1812
2752
2910
246
2668
66
1636
2987
899
1254
2958
500
739
963
1846
765
1385
932
396
20
1038
1509
1844
2008
469
372
735
599
1350
1387
1742
1712
2002
309
676
2480
2664
775
1508
2416
56
1225
1092
1886
2750
2525
176
2243
736
887
1938
2790
2371
213
1008
647
1036
1977
590
1630
2219
981
2294
637
140
1911
717
363
689
77
1936
2635
1242
2194
342
516
863
122
1280
1978
1503
2274
1302
661
554
307
820
2968
1596
481
1341
2357
1706
2391
455
2639
2018
2070
224
815
334
13
1990
1692
1666
890
2789
1805
2487
954
1444
1992
2574
926
953
2505
465
1111
2743
2395
70
1779
2725
2298
1821
2712
1129
1428
84
1169
1165
2893
1769
415
1368
850
2728
2913
56
769
766
1247
2886
1759
2421
1083
2130
1721
1256
2969
1242
1800
2266
1944
21
966
1610
65
613
2238
1370
1768
1052
2179
1056
2370
2229
1359
108
1966
2383
24
1579
1014
1054
734
1636
1088
1386
1615
745
1711
2940
1038
1344
152
1358
1778
1090
2594
434
1979
2795
2837
1710
1859
2604
1758
894
1914
2214
2002
1714
1482
1848
1298
1018
1820
2466
997
2584
1555
2554
2964
2853
647
1815
522
1870
1213
1245
1466
2512
317
632
214
2810
483
717
1949
2146
1659
197
2004
1914
2423
155
1392
1316
2371
744
739
2132
2971
2276
910
1229
1147
616
1510
775
582
330
1106
2464
827
2273
1147
264
1669
1274
636
2393
2722
938
1973
782
2191
661
1619
643
2722
654
114
518
2664
2007
221
1477
504
732
285
2064
263
339
265
1600
1069
1998
293
2832
2096
2589
6
275
1447
2365
2708
2039
1498
2958
89
392
425
2036
1097
239
2730
1811
595
1396
2671
801
119
1346
1767
766
2416
1859
2051
2671
1180
2819
2812
476
265
825
859
1294
722
2875
353
1141
2170
2114
2480
1081
1841
1638
401
2256
2981
787
512
1583
227
2700
2901
2076
54
1174
1533
43
511
305
696
256
2877
2306
1196
2661
1631
1332
130
1580
2024
1057
1567
2335
1065
836
1438
1413
2662
72
1179
192
2930
1822
307
2237
1236
1107
1187
988
398
2216
694
1753
635
838
2451
1521
994
458
1270
2841
1064
1397
1886
228
1970
1031
503
1091
2403
2141
1201
1858
955
1953
528
2953
505
2449
2901
2728
290
2258
117
2526
2819
774
2529
1284
243
915
2814
765
1732
1471
2317
545
1860
1201
1022
834
231
1042
2624
1934
1439
1875
1332
431
1966
848
2315
1376
1115
1214
1341
1337
1964
393
2316
1476
683
2145
2400
928
1260
2310
2188
1958
446
1402
1089
690
728
2749
1946
892
1925
1919
927
384
2443
2721
1750
1627
905
1645
2342
2984
167
1367
150
282
2330
2364
198
642
1368
1643
812
2722
2616
232
1794
1675
734
1168
2341
1556
2598
722
49
957
2087
571
972
835
331
1421
392
1004
1011
1601
349
1933
2303
402
279
722
1335
356
715
2983
1596
837
2127
2308
1114
1667
739
2870
514
774
1267
2868
2539
671
2734
1934
2473
2264
2668
1669
2409
2622
1683
87
363
333
2778
2954
1697
2267
2338
2003
1551
1208
2914
1383
756
1004
515
2201
904
1034
2283
2269
462
915
1237
749
588
2366
872
2987
992
2190
367
2750
1214
1077
897
392
783
1888
2410
935
292
1578
1506
1890
2571
1869
2492
431
2177
1078
330
1818
1849
2129
2663
1456
36
534
77
701
417
1226
1600
2283
663
2864
1435
2061
1409
121
1801
979
801
26
1927
1326
1496
645
1712
2398
308
1795
2777
1673
2875
1369
1646
887
2120
120
1420
2828
1900
1041
2032
1934
2694
2168
1024
2720
1182
336
1137
1527
398
2176
1961
458
2490
2413
2198
759
1522
312
1286
2499
2581
2545
2496
1690
2248
20
1403
585
1912
1947
1526
1535
2164
1612
896
171
1735
2829
1489
1786
1348
2965
528
1488
2538
412
2654
2057
842
141
1122
160
2191
2803
279
2400
774
211
2060
457
950
1649
626
2342
2105
525
1115
2412
2491
1822
1608
2621
2555
1871
1844
422
2647
274
1768
2958
773
1035
150
2560
24
2446
2274
674
1384
2676
325
439
765
1241
2396
2426
2420
1617
577
2949
1131
469
2768
1480
2562
2920
2261
701
2082
400
1908
2476
1155
825
1297
803
1889
1475
1673
2288
478
1479
1432
2490
670
589
1580
1981
1958
611
10
2020
2590
2313
920
699
2321
1984
659
2805
899
276
2426
1748
771
1423
2858
1264
2385
2817
420
370
329
765
444
537
1696
645
2370
2853
2670
304
1974
601
597
667
1696
1734
2194
174
286
1950
2945
1392
2658
1030
1045
518
2659
2056
369
792
907
1936
2848
452
2792
317
1972
1128
175
474
149
2042
1862
2942
1904
2162
1016
2393
2642
1986
2991
552
1789
2628
2852
2466
275
573
2659
2028
1720
1185
2510
1353
357
2007
974
2766
1577
2846
2385
1398
931
2480
2432
2258
2054
198
2176
2835
2844
2620
916
1066
94
2559
241
2016
1930
1436
650
993
1111
706
2517
1111
2813
1971
1549
788
920
2607
2073
2064
2191
50
2509
1268
1312
335
1992
1645
2310
197
2342
685
2709
153
1271
63
357
2427
2488
1346
469
1997
968
2584
1354
1434
2981
2095
1897
612
1064
1263
1441
33
2750
661
269
2758
960
455
2264
1540
78
801
2345
2378
840
2576
1074
483
629
1606
2747
1626
1351
965
1988
27
726
830
1427
2756
2092
140
443
716
2641
1397
1006
650
2561
2321
1267
2089
2834
2846
2667
2059
2826
2643
241
547
1129
2868
2921
2320
1602
1869
1131
1231
2912
179
2991
2631
1879
1727
1754
1003
272
2404
394
2355
1721
651
55
1829
1084
2988
1899
251
2559
1240
2427
2412
340
1197
2526
39
2642
1498
837
1764
1963
1292
2788
222
127
2176
417
1807
1562
2881
2098
1610
2817
436
1539
2519
1435
1594
2056
1170
2045
1927
304
1645
1982
2625
2051
367
2605
1170
2805
1965
1135
290
347
1208
454
2990
805
2583
2262
2997
2733
150
978
2557
2736
999
326
1842
1106
2960
2814
919
255
1126
2839
1224
2311
2585
540
1094
1673
1175
2517
2564
2683
2197
227
1795
9
867
2726
657
1780
568
1242
551
2837
1422
2031
2338
115
694
1305
17
1
2279
832
1033
2147
2900
1016
1062
1418
52
563
2012
2837
2262
493
1101
1683
1275
2369
2803
439
1918
2635
2767
907
482
885
1731
1400
1372
2941
142
1973
1609
2639
1294
1886
2752
279
2522
1959
99
794
2264
409
1330
2054
2773
1963
1432
2439
43
933
2954
1395
1680
954
2654
1592
2869
2772
2456
1364
1099
2940
163
846
821
2649
1902
795
506
88
2060
1563
2153
2950
1329
621
2027
323
273
2320
795
511
2587
212
649
1321
1255
1920
2871
2365
2036
2661
2051
1613
765
2563
95
580
1413
2475
933
775
1296
2820
551
109
1579
658
2198
1408
583
1156
2441
2980
2890
1989
1921
2296
2919
1237
2826
35
663
1368
1277
2345
1088
1040
2404
1614
437
2215
308
2626
1174
583
298
789
1097
1309
2280
44
1617
1995
103
1637
2166
613
1793
576
1517
743
1095
2199
1818
1005
1944
359
579
587
235
943
590
126
2559
1353
142
1467
1505
383
1826
1702
847
623
2783
1181
1403
2570
2343
2654
985
1961
305
470
2772
1529
2907
2308
1037
1825
2766
1350
1814
1249
417
2
2430
149
1193
1687
2486
1074
2871
1413
1828
2785
2961
2658
2469
1354
1582
127
2337
2426
2012
2515
2153
720
1501
462
196
1244
722
2072
635
2305
1389
2850
2321
2773
2861
2525
1823
2839
30
235
1575
736
1648
203
631
125
1666
2568
2272
588
517
876
2344
260
629
97
2949
834
1294
560
2931
2842
1907
430
1447
2699
1533
1092
1837
677
801
1406
2487
2631
115
1190
2255
2276
611
2657
2336
238
1405
1546
1647
1895
717
2830
871
2915
410
2224
902
1682
66
646
450
2732
1598
1868
2816
77
840
1919
2622
1492
1410
292
2911
2991
57
1826
2727
2273
1410
1958
2104
2159
1420
1726
1732
2751
1078
2303
1787
2601
122
1690
2320
1162
2530
2397
2087
1087
1962
2911
1922
1752
2966
2086
1437
1477
645
1956
462
997
2974
2766
25
2308
250
2063
1346
1940
2315
637
2260
936
259
2899
866
77
2344
2287
1180
2242
2447
2036
380
1018
1686
1906
410
1663
638
2141
213
1657
2921
2068
1690
695
2720
570
2722
1029
1216
1898
2263
1815
1358
591
87
2813
601
2282
1893
2639
503
400
1948
3
1554
2226
141
1572
996
1694
3
1069
2849
718
1653
159
2965
2728
2916
200
2422
1054
2245
2853
1458
71
569
1272
940
2422
995
2629
499
2785
2090
1826
1171
1581
1448
717
2608
607
2978
299
2672
942
1665
1797
353
2928
639
2277
2651
210
390
2691
1063
1324
2246
1305
2545
1347
1990
589
729
1961
2997
2552
1840
106
113
2634
57
1393
2400
1208
1078
563
749
1497
645
1545
2725
494
634
300
1618
528
1302
1316
944
2398
144
2530
2422
1918
1956
2678
1375
1812
2481
2771
1193
2882
320
1706
118
1143
833
2469
1666
1706
296
2173
588
2720
1944
1325
2585
285
2534
697
836
912
1546
2273
1034
1041
2329
1602
886
719
559
1375
1712
1045
603
1956
2172
782
2787
2379
1912
1057
1690
83
2301
1238
1935
2118
682
209
2279
97
1757
1150
1334
1249
308
2406
2698
1148
2243
721
849
1550
1966
733
1740
2997
2882
2981
1027
615
2487
813
1371
2299
520
2733
38
109
2574
37
1218
134
586
1288
1172
2427
2762
2484
838
1412
2046
2209
903
1760
683
343
794
2903
991
773
2026
2328
2126
1423
1348
1525
1557
2232
229
332
893
529
2262
2566
1626
2376
1501
1373
349
1772
454
2474
1782
2447
2121
1837
2398
2766
1222
2961
596
2758
2958
2502
535
895
1020
2449
2539
2005
2029
881
543
236
2947
2443
2302
940
840
1489
293
2021
1945
1630
2293
1341
1912
909
384
2679
175
1907
1914
783
922
953
224
1260
2020
1207
2252
1892
37
1686
1860
1734
274
1956
2855
308
2253
1773
1089
2544
335
88
769
736
1531
2472
1345
1789
733
1924
1510
2264
1715
1866
2370
2574
835
383
1598
910
2861
1273
1987
2856
634
49
1946
2521
1117
59
2666
1372
1416
1344
2059
2819
1011
318
2793
2590
2905
1718
843
1331
2755
2951
2188
2918
1721
2313
1066
715
1957
2772
2269
2458
419
1882
1058
490
583
2242
2225
2634
69
1038
1827
2716
1694
1376
208
298
625
1368
720
1445
1
57
1632
1396
1022
1013
2800
1906
2326
2838
1554
188
109
1295
325
1305
1419
586
468
178
1941
795
393
1195
470
2636
2037
2459
2760
242
836
2017
189
97
620
1599
2851
180
2527
2420
1280
1799
1962
2948
1953
1344
2005
155
633
1651
1835
875
1537
2453
196
1897
1307
387
1538
2870
99
1389
472
2325
1904
2813
2114
1216
407
2564
1097
2368
905
2975
1045
669
2822
2069
2168
178
2314
1133
2504
389
1823
1837
493
1406
715
822
2629
2357
1132
2535
564
593
2737
318
1504
2887
658
526
1012
1503
1371
1358
2394
2069
2517
726
1079
1382
2629
24
2618
1409
2697
1684
1733
2177
2752
427
503
3000
2506
1161
1632
1614
1128
2021
223
578
2197
1179
1593
1753
1389
236
1571
2357
301
1716
2281
2951
2987
684
2360
1879
983
1944
1177
307
786
292
2391
1903
565
963
316
2660
62
697
670
1980
311
2385
816
2149
751
1961
638
68
1598
2493
1280
1403
2179
1769
2883
302
2431
2091
1212
299
1495
336
2191
2497
582
318
1143
1106
1530
417
2751
339
2216
386
2008
667
1258
1253
2164
1458
2760
1658
2626
973
1237
303
75
2903
723
2740
109
66
1337
2542
2837
1398
1988
584
1762
2737
1908
623
1336
1696
2825
2477
1851
1388
2789
664
684
1577
68
796
529
2531
2041
1142
2559
1698
1234
1258
1491
391
384
1264
2234
1087
911
802
2406
976
2581
2586
338
1810
673
2330
1911
1336
305
1579
472
2262
1265
1937
778
1054
2248
2207
1001
1030
965
1695
1871
1003
946
1685
1326
2996
2408
2765
2192
656
708
410
1637
2
2064
2368
2877
406
2772
1212
2838
612
2951
1099
2056
2229
593
2784
2495
1427
1683
2082
577
1734
649
1821
2721
116
2462
2712
2131
16
2833
2031
2313
2847
2159
2233
1789
1367
2240
1381
1528
977
727
512
2162
80
820
1226
2410
514
12
899
1129
1823
732
1752
2603
1232
2985
562
46
2937
2972
1985
2253
2714
1812
2012
807
2698
1301
196
2556
2269
2351
554
1015
2577
1058
486
2850
635
1273
2610
1095
2687
1908
158
1819
2079
2818
1989
1416
1171
1526
104
2315
2226
1346
2009
978
2984
625
2675
442
1889
746
656
888
2326
1906
2579
423
1461
1016
591
2698
2845
2503
87
1026
1490
264
1112
1842
181
1366
2892
1321
2032
1470
2744
2935
217
2662
1592
2444
565
293
1394
174
807
1812
2120
1473
1385
1884
2506
1515
2762
2623
1115
2312
2784
483
1499
2508
2768
2981
2077
1368
572
2594
2417
199
1028
2172
2861
1784
1208
2
96
2150
1677
769
1559
1311
2358
2282
2395
1010
5
684
722
1573
1306
1636
702
254
2139
2633
2059
2288
541
2285
1980
640
2226
1225
1993
1192
363
880
1002
915
2231
2848
1943
1290
1589
1244
2818
1231
87
2413
2149
1905
1960
2273
2953
503
2679
668
534
1648
2428
575
2834
2018
490
439
260
666
2989
1792
2104
755
2407
1897
152
1194
78
265
1016
882
2391
314
770
1139
2369
645
468
1337
2179
2206
31
522
2208
425
825
1215
909
1509
2605
1639
1911
369
1842
8
1314
2540
897
615
544
1465
211
1250
174
2971
27
381
950
925
679
650
1768
1678
1212
948
2650
2418
786
693
2210
2140
1502
2118
673
1331
1872
1664
938
786
2188
577
2571
2965
1076
2513
172
2049
1726
1701
2910
1451
2466
763
1518
828
1503
2239
1081
371
2230
1805
2298
883
2558
2009
610
2630
1066
1836
2903
882
2704
2143
1928
276
1732
1429
920
683
741
1676
2482
22
2157
1044
676
2480
2230
1907
2550
26
1651
2024
2180
834
2141
1022
1314
1915
1976
2451
1777
2157
1117
1346
711
838
281
2183
2435
1929
6
617
1385
830
2064
2052
2058
2930
1251
271
1129
